[0.2258064516129032, 0.6748617086662569, 0.701038062283737, 0.6787658802177857, 0.5959542469815717, 0.16951097088770953, 0.47578669681552654]
[0.08064516129032259, 0.5076828518746159, 0.2833910034602076, 0.48638838475499085, 0.4185553908070324, 0.43496343037430085, 0.3039381948370077]
[0.06451612903225806, 0.49907805777504616, 0.4993079584775086, 0.5117967332123413, 0.3931370472357551, 0.22716191022515408, 0.6517806670435272]
[0.5887096774193549, 0.39766441303011696, 0.5252595155709342, 0.3865698729582577, 0.310527430629104, 0.36756059085042286, 0.25833804409270766]
[0.0, 0.567301782421635, 0.31695501730103803, 0.5617059891107079, 0.47045117559839006, 0.5496916678617524, 0.38760128132654975]
[0.1129032258064516, 0.2894898586355256, 0.48892733564013846, 0.2731397459165154, 0.2168502435924592, 0.19919690233758788, 0.15549274543056335]
[0.5403225806451613, 0.3312845728334358, 0.3608996539792386, 0.34029038112522686, 0.24793475958483369, 0.4034131650652516, 0.4252873563218391]
[0.20967741935483872, 0.5740626920712969, 0.13702422145328716, 0.573502722323049, 0.4953399703452658, 0.36325828194464355, 0.3269267005841341]
[0.24193548387096772, 0.20282728948985868, 0.3923875432525951, 0.19718693284936473, 0.1437195509425969, 0.3335723504947654, 0.2402487280949689]
[0.0, 0.4609711124769514, 0.7269896193771626, 0.44373865698729587, 0.36507095954246976, 0.34303743008748006, 0.2440173355944978]
[0.8064516129032258, 0.13275968039336203, 0.17923875432525951, 0.13892921960072585, 0.08928193179411142, 0.929728954538936, 0.491614848313548]
[0.7661290322580645, 0.35033804548248304, 0.38062283737024216, 0.34573502722323046, 0.28754501165007407, 0.5324824322386348, 0.3755417373280572]
[1.0, 0.29686539643515675, 0.25986159169550166, 0.2876588021778584, 0.22209277695403515, 0.317366986949663, 0.31335971358583]
[0.04838709677419355, 0.8168408113091579, 0.289273356401384, 0.7958257713248639, 0.8384876085575089, 0.20665423777427208, 0.2545694365931788]
[0.06451612903225806, 0.1862323294406885, 0.3197231833910035, 0.17441016333938295, 0.12597966532514296, 0.4450021511544528, 0.25343885434332014]
[0.12903225806451613, 0.5384142593730794, 0.3003460207612456, 0.5226860254083484, 0.4397373437830968, 0.3847698264735408, 0.3359713585830035]
[0.14516129032258063, 0.5285802089735712, 0.6363321799307959, 0.5598911070780399, 0.4476805761491209, 0.2528323533629714, 0.6039193517995101]
[0.9112903225806451, 0.1432083589428396, 0.342560553633218, 0.1399274047186932, 0.09722516416013555, 0.41775419475118314, 0.36762766157904647]
[0.08870967741935484, 0.38967424708051623, 0.4065743944636678, 0.38566243194192373, 0.31042152086422364, 0.2154022658826903, 0.306199359336725]
[0.10483870967741936, 0.8174554394591272, 0.3397923875432526, 0.8557168784029037, 0.7410506248676128, 1.0, 0.9069153947616355]
[0.8387096774193549, 0.21327596803933624, 0.32491349480968856, 0.20490018148820327, 0.1487502647744122, 0.32339021941775425, 0.25645374034294327]
[0.1532258064516129, 0.26982175783650897, 0.13425605536332175, 0.277676950998185, 0.1815293370048718, 0.4636454897461638, 0.6310533257961182]
[0.846774193548387, 0.23540258143822984, 0.469204152249135, 0.23139745916515428, 0.16241262444397367, 0.6056216836368851, 0.38383267382702085]
[0.37903225806451607, 0.5439459127228028, 0.38685121107266424, 0.5245009074410162, 0.4598601991103579, 0.270471819876667, 0.3186357640851704]
[0.6048387096774194, 0.15550092194222503, 0.3612456747404844, 0.14972776769509982, 0.1046388477017581, 0.3819016205363544, 0.2994158658375729]
[0.12903225806451613, 0.4320835894283959, 0.46989619377162634, 0.4364791288566243, 0.33541622537597965, 0.5841101391079879, 0.48181646881477286]
[0.8870967741935483, 0.13644744929317768, 0.2865051903114187, 0.1277676950998185, 0.09161194662147848, 0.5855442420765811, 0.2903712078387036]
[0.08870967741935484, 0.3558696988322065, 0.3878892733564014, 0.34664246823956435, 0.26895784791357763, 0.30302595726373155, 0.3299415865837572]
[0.1532258064516129, 0.5642286416717884, 0.6183391003460207, 0.5381125226860253, 0.4762762126668079, 0.32740570772981487, 0.21612964009798377]
[0.8709677419354839, 0.31837738168408114, 0.259515570934256, 0.31851179673321234, 0.23596695615335733, 0.4163200917825901, 0.41398153382325226]
[0.7741935483870966, 0.5285802089735712, 0.17681660899653978, 0.5090744101633393, 0.4206735861046389, 0.47225010755772256, 0.484831354814396]
[0.31451612903225806, 0.45236631837738167, 0.35294117647058815, 0.44373865698729587, 0.36560050836687136, 0.4564749749031981, 0.2967778405879027]
[0.5806451612903225, 0.4947756607252613, 0.29515570934256047, 0.46733212341197833, 0.4111417072654098, 0.10325541373870643, 0.128999434708875]
[0.3870967741935484, 0.27965580823601727, 0.3702422145328719, 0.2813067150635209, 0.23379580597331076, 0.5310483292700414, 0.41850386282268687]
[0.09677419354838707, 0.38844499078057776, 0.5204152249134949, 0.367513611615245, 0.30036009320059304, 0.11960418758066832, 0.24439419634445067]
[0.5564516129032258, 0.44683466502765823, 0.29377162629757786, 0.4246823956442831, 0.35236178775683114, 0.3225297576365983, 0.24740908234407377]
[0.4274193548387097, 0.5955746773202214, 0.24117647058823527, 0.5707803992740473, 0.515462825672527, 0.2795066685788039, 0.23195779159600524]
[0.10483870967741936, 0.4044253226797789, 0.5155709342560554, 0.382032667876588, 0.3203770387629739, 0.2554137387064391, 0.1722253627284718]
[0.6451612903225806, 0.26613398893669327, 0.4162629757785467, 0.24519056261343009, 0.18481253971616185, 0.22372006310053047, 0.22291313359713583]
[0.056451612903225805, 0.32513829133374306, 0.29031141868512106, 0.3348457350272232, 0.23485490362211395, 0.45360676896601165, 0.5055586960618049]
[0.5080645161290323, 0.2894898586355256, 0.443598615916955, 0.3475499092558984, 0.21812116077102303, 0.515273196615517, 1.0, 0.7289111762077354, 0.6489579302338436, 0.6853348729792148, 0.6524687433778343, 1.0, 1.0, 1.0]
[0.44354838709677413, 0.26859250153657044, 0.23840830449826983, 0.2840290381125226, 0.1862423215420461, 0.839380467517568, 0.6872055775390992, 0.548185293679559, 0.5743269390237161, 0.6293302540415705, 0.5448188175460903, 0.0, 0.0, 0.0]
[0.27419354838709675, 0.430239704978488, 0.3332179930795848, 0.3838475499092559, 0.3285320906587587, 0.12978631865767967, 0.07978142076502732, 0.12151829601310755, 0.19708109901044835, 0.47401847575057743, 0.0, 0.0, 0.0, 0.0]
[0.9838709677419355, 0.2292562999385372, 0.3373702422145328, 0.2072595281306714, 0.17099131539927978, 0.33988240355657534, 0.0977953646127756, 0.12405044436721116, 0.17845099231577205, 0.16050808314087756, 0.1900826446280992, 0.0, 0.0, 0.0]
[0.5, 0.6011063306699448, 0.7176470588235295, 0.5789473684210524, 0.5599449269222623, 0.28280510540656806, 0.25720746184284904, 0.2798272181123082, 0.36569185692962575, 0.26616628175519635, 0.13752913752913745, 1.0, 0.0, 1.0]
[0.9274193548387096, 0.38045482483097737, 0.2083044982698961, 0.4001814882032668, 0.29183435712772715, 0.6256991251971891, 0.6841906915394761, 0.4938185790179236, 0.6622256620045333, 1.0, 0.5060394151303241, 1.0, 0.0, 1.0]
[0.6693548387096774, 0.15242778119237865, 0.3200692041522491, 0.126497277676951, 0.10792205041304805, 0.22242937042879657, 0.06342566421707176, 0.08589444416861126, 0.07778207750566643, 0.16743648960739027, 0.13689340962068236, 0.0, 0.0, 0.0]
[0.37903225806451607, 0.2550706822372465, 0.40276816608996535, 0.2301270417422868, 0.18597754712984527, 0.22357665280367123, 0.09331072168833612, 0.07087532893103617, 0.07203272707170101, 0.17782909930715932, 0.1396482305573213, 0.0, 0.0, 0.0]
[0.03225806451612903, 0.253841425937308, 0.5314878892733563, 0.23684210526315785, 0.1879898326625715, 0.39337444428509966, 0.1946108912756736, 0.24705823941214436, 0.24998617944607215, 0.19572748267898396, 0.3049374867556686, 0.0, 0.0, 0.0]
[0.5241935483870968, 0.5660725261216965, 0.32110726643598614, 0.5372050816696914, 0.4831603473840288, 0.07500358525742126, 0.14919917090635007, 0.227198252321136, 0.3148322184753165, 0.3579676674364896, 0.015045560500106005, 0.0, 0.0, 0.0]
[0.5887096774193549, 0.5273509526736326, 0.7643598615916953, 0.5090744101633393, 0.45615335733954665, 0.13236770400114714, 0.25230827209346146, 0.22471575393475995, 0.2546298855658135, 0.06928406466512708, 0.06102987921169727, 0.0, 0.0, 0.0]
[0.4516129032258064, 0.22433927473878304, 0.4467128027681661, 0.20027223230490007, 0.16050624867612795, 0.16994120177828767, 0.07654041831543244, 0.14875130331165284, 0.17911437890430648, 0.18418013856812937, 0.08285653740199189, 0.0, 0.0, 0.0]
[0.21774193548387097, 0.6521204671173939, 0.41557093425605535, 0.6361161524500908, 0.5917178563863589, 0.5167072995841101, 0.2632372338420953, 0.5459510451318207, 0.6555917961191885, 0.2413394919168592, 0.12672176308539929, 1.0, 0.0, 1.0]
[0.7903225806451613, 0.0, 0.3795847750865052, 0.0, 0.005030713831815293, 0.6844973469095081, 0.285472018089316, 0.19964252023236184, 0.20111670075736637, 0.3389145496535797, 0.39097266369993633, 0.0, 0.0, 0.0]
[0.06451612903225806, 0.7412415488629379, 0.8128027681660898, 0.7704174228675138, 0.7113958907011225, 0.5841101391079879, 0.5605803655549274, 0.6800059579961273, 0.7291171430150921, 0.2834872979214781, 0.27866073320618767, 1.0, 1.0, 1.0]
[0.08870967741935484, 0.5119852489244009, 0.3633217993079584, 0.48094373865698736, 0.4053166701969921, 0.22027821597590688, 0.2775579423403052, 0.10021845985800108, 0.3780750732489359, 0.3827944572748268, 0.08306844670481035, 1.0, 0.0, 1.0]
[0.03225806451612903, 0.5058389674247081, 0.419031141868512, 0.5045372050816697, 0.41643719550942593, 0.14713896457765657, 0.36461277557942334, 0.21702000893699416, 0.2620929846868263, 0.26501154734411086, 0.10680228862047036, 0.0, 0.0, 0.0]
[0.04032258064516129, 0.3534111862323295, 0.6141868512110727, 0.34845735027223224, 0.2773776742215632, 0.20063100530618083, 0.2526851328434143, 0.19169852539595847, 0.16352479407374648, 0.3360277136258659, 0.21402839584657765, 0.0, 0.0, 0.0]
[0.20161290322580644, 0.17885679164105717, 0.4653979238754324, 0.160617059891107, 0.12402033467485699, 0.4550408719346049, 0.1399283964575089, 0.13090213991360905, 0.19879484769749572, 0.0721709006928407, 0.09726636999364266, 0.0, 1.0, 0.0]
[0.3467741935483871, 0.41364474492931774, 0.358477508650519, 0.412885662431942, 0.3188413471722093, 0.5238778144270758, 0.45392877331825887, 0.4009731393674594, 0.47039637348664937, 0.3827944572748268, 0.2417885145157872, 0.0, 0.0, 0.0]
[0.5241935483870968, 0.5771358328211432, 0.38512110726643606, 0.5807622504537204, 0.4778648591400127, 0.6027534776996988, 0.5330695308083662, 0.5772305248001589, 0.7191663441870751, 0.7280600461893766, 0.3485908031362576, 0.0, 0.0, 0.0]
[0.5, 0.3749231714812539, 0.301038062283737, 0.3765880217785844, 0.28246134293581865, 0.5611644916104975, 0.41888072357263983, 0.41462688049252766, 0.49029797114268336, 0.47517321016166286, 0.27548209366391174, 0.0, 0.0, 0.0]
[0.2661290322580645, 0.20282728948985868, 0.40726643598615914, 0.22250453720508165, 0.15044482101249737, 0.42922701849992817, 0.5831920105521009, 0.4704830941859888, 0.36607883243960415, 0.3700923787528868, 0.48039838948929847, 0.0, 0.0, 0.0]
[0.07258064516129031, 0.6275353411186233, 0.43806228373702416, 0.5925589836660616, 0.5520016945562382, 0.27692528323533605, 0.21160731109854905, 0.21279976168015488, 0.3649179059096689, 0.26616628175519635, 0.05361305361305342, 0.0, 0.0, 0.0]
[0.6129032258064516, 0.1106330669944684, 0.16989619377162624, 0.11524500907441008, 0.07471933912306712, 0.6300014341029687, 0.4177501413227812, 0.3535574201876768, 0.31151528553264424, 0.39665127020785224, 0.45327399872854407, 0.0, 0.0, 0.0]
[0.016129032258064516, 0.6435156730178244, 0.4311418685121107, 0.6633393829401089, 0.5710654522346961, 0.4593431808403842, 0.5571886188053513, 0.531304304652202, 0.6163414229642324, 0.3325635103926098, 0.3066327611782157, 1.0, 0.0, 1.0]
[0.056451612903225805, 0.5310387215734481, 0.2688581314878892, 0.5335753176043556, 0.45138741791993214, 0.5310483292700414, 0.4543056340682117, 0.5630802839978154, 0.5986511139366466, 0.41512702078521935, 0.22398813307904225, 0.0, 0.0, 0.0]
[0.31451612903225806, 0.500921942224954, 0.5505190311418685, 0.5190562613430126, 0.40796441431900016, 0.6672881112863903, 0.5014132278123232, 0.42132962613574304, 0.6998175686881529, 0.1882217090069284, 0.4659885568976477, 0.0, 1.0, 0.0]
[0.3387096774193548, 0.05224339274738792, 0.21453287197231824, 0.06433756805807614, 0.03728023723787332, 0.4894593431808404, 0.46711889956661007, 0.3523161709944888, 0.2976394493891315, 0.7909930715935335, 0.4971392244119516, 0.0, 0.0, 0.0]
[0.3467741935483871, 0.24093423478795328, 0.21764705882352944, 0.24264972776769508, 0.16993221775047657, 0.5912806539509536, 0.4478990013190125, 0.36001191599225457, 0.38100503068162966, 0.49018475750577367, 0.36935791481246005, 0.0, 0.0, 0.0]
[0.45967741935483863, 0.2950215119852489, 0.30588235294117644, 0.3194192377495462, 0.21023088328743908, 0.7074429944069983, 0.7173544375353306, 0.6638697184846829, 0.5743269390237161, 0.6160508083140878, 0.546302182665819, 0.0, 0.0, 0.0]
[0.44354838709677413, 0.5224339274738783, 0.3096885813148788, 0.49546279491833034, 0.42755772082185967, 0.40914957693962406, 0.27416619559072924, 0.2828062161759594, 0.3626513350655095, 0.27020785219399546, 0.131807586353041, 0.0, 0.0, 0.0]
[0.016129032258064516, 0.2317148125384144, 0.514878892733564, 0.24845735027223229, 0.15669349714043632, 0.6084898895740715, 0.6223855285472017, 0.3696936596991212, 0.4109679915971032, 0.44515011547344113, 0.5236278872642509, 0.0, 0.0, 0.0]
[0.3225806451612903, 0.5494775660725262, 0.34186851211072666, 0.5317604355716878, 0.45138741791993214, 0.41201778287681046, 0.32014320708498206, 0.2907502110123628, 0.4090883962629223, 0.28521939953810627, 0.2464505191777918, 0.0, 0.0, 0.0]
[0.29032258064516125, 0.3835279655808237, 0.40449826989619375, 0.36025408348457344, 0.30009531878839224, 0.319661551699412, 0.16544186922931975, 0.1654088674842361, 0.2485488418375809, 0.3227482678983834, 0.11760966306420852, 0.0, 0.0, 0.0]
[0.9354838709677418, 0.30116779348494166, 0.46955017301038066, 0.2885662431941924, 0.2229930099555179, 0.12964290836082024, 0.2040700960994912, 0.18718037833275403, 0.1842556249654486, 0.3112009237875289, 0.06632761178215711, 0.0, 0.0, 0.0]
[0.43548387096774194, 0.5046097111247696, 0.5612456747404844, 0.49274047186932846, 0.4111417072654098, 0.38763803241072686, 0.3740342943282457, 0.4173576287175413, 0.4219691525236332, 0.3429561200923788, 0.2532316168679804, 0.0, 0.0, 0.0]
[0.45967741935483863, 0.5273509526736326, 0.29480968858131484, 0.5226860254083484, 0.452976064393137, 0.574071418327836, 0.4452609760693424, 0.48587458418152024, 0.47481895074354585, 0.279445727482679, 0.3235855054036873, 1.0, 0.0, 1.0]
[0.0, 0.049784880147510785, 0.2685121107266436, 0.02813067150635204, 0.03680364329591188, 0.3543668435393659, 0.0493310721688336, 0.007124770368899254, 0.08203880811542928, 0.17956120092378747, 0.26742954015681303, 0.0, 1.0, 0.0]
[0.25, 0.4087277197295637, 0.4480968858131487, 0.42740471869328495, 0.32773776742215627, 0.2569912519718915, 0.5816845675522894, 0.4707313440246264, 0.4416496213168224, 0.22401847575057737, 0.4967154058063146, 0.0, 0.0, 0.0]
[0.27419354838709675, 0.5175169022741243, 0.4723183391003461, 0.5263157894736843, 0.43020546494386774, 0.339738993259716, 0.44036178631995465, 0.4272876222630455, 0.47039637348664937, 0.4688221709006928, 0.25874125874125875, 0.0, 0.0, 0.0, 0.0, 0.0, 0.0, 0.0, 0.0, 0.0, 0.0]
[0.5887096774193549, 0.08543331284572837, 0.5702422145328719, 0.08393829401088931, 0.061321753865706395, 0.40771547397103114, 0.33634821933295644, 0.20982076361650365, 0.13991928796506165, 0.3666281755196305, 0.4051705869887688, 0.0, 0.0, 0.0, 0.0, 0.0, 0.0, 0.0, 0.0, 0.0, 0.0]
[0.03225806451612903, 0.6637984019668102, 0.36712802768166086, 0.6842105263157896, 0.5980724422791781, 0.27305320522013465, 0.5654795553043149, 0.485378084504245, 0.48919232682845926, 0.23845265588914552, 0.24772197499470208, 1.0, 0.0, 1.0, 0.0, 0.0, 0.0, 0.0, 0.0, 0.0, 0.0]
[0.3064516129032258, 0.8408113091579593, 0.3882352941176471, 0.8493647912885662, 0.7834145308197414, 0.40197906209665857, 0.6201243640474844, 0.5139268159475696, 0.7009232130023773, 0.39434180138568126, 0.3632125450307266, 0.0, 0.0, 0.0, 0.0, 0.0, 0.0, 0.0, 0.0, 0.0, 0.0]
[0.28225806451612906, 0.22065150583896745, 0.5937716262975776, 0.22531760435571688, 0.1573819106121584, 0.5582962856733114, 0.4275485208215564, 0.3473511742217367, 0.29482005638786, 0.5744803695150116, 0.43483788938334395, 0.0, 0.0, 0.0, 0.0, 0.0, 0.0, 0.0, 0.0, 0.0, 0.0]
[0.5967741935483871, 0.24031960663798405, 0.4439446366782007, 0.25862068965517243, 0.1640542257996187, 0.42205650365696257, 0.5726399095534199, 0.36174966486271776, 0.37851733097462553, 0.24769053117782908, 0.34901462174189446, 0.0, 0.0, 0.0, 0.0, 0.0, 0.0, 0.0, 0.0, 0.0, 0.0]
[0.2983870967741936, 0.4634296250768285, 0.24705882352941172, 0.4482758620689655, 0.37407328955729713, 0.3761652086619818, 0.32278123233465233, 0.31061019810337126, 0.3953784067665432, 0.302540415704388, 0.3543123543123543, 0.0, 0.0, 0.0, 0.0, 0.0, 0.0, 0.0, 0.0, 0.0, 0.0]
[0.0, 0.4400737553779963, 0.7131487889273357, 0.3983666061705989, 0.3298030078373226, 0.16176681485730657, 0.1746749576031656, 0.09473213842411002, 0.19719166344187072, 0.1703233256351039, 0.09387582114854819, 0.0, 0.0, 0.0, 0.0, 0.0, 0.0, 0.0, 0.0, 0.0, 0.0]
[0.5564516129032258, 0.3841425937307929, 0.4892733564013841, 0.3838475499092559, 0.300677822495234, 0.46077728380897753, 0.516110797060486, 0.36050841566952974, 0.32688374150035937, 0.357390300230947, 0.30981140072049185, 0.0, 0.0, 0.0, 0.0, 0.0, 0.0, 0.0, 0.0, 0.0, 0.0]
[0.532258064516129, 0.587584511370621, 0.6031141868512111, 0.5671506352087115, 0.5069900444821012, 0.2383479133801805, 0.23120407009609945, 0.3262499379375404, 0.3487754989219968, 0.0808314087759816, 0.12015257469802929, 0.0, 0.0, 0.0, 0.0, 0.0, 0.0, 0.0, 0.0, 0.0, 0.0]
[0.6048387096774194, 0.13644744929317768, 0.3955017301038062, 0.12268602540834841, 0.08997034526583347, 0.3179406281371002, 0.22102882984737135, 0.1454992304255002, 0.1780640168057936, 0.25288683602771367, 0.24411951684678965, 0.0, 0.0, 0.0, 0.0, 0.0, 0.0, 0.0, 0.0, 0.0, 0.0]
[0.2661290322580645, 0.17639827904118016, 0.48823529411764693, 0.18539019963702355, 0.12407328955729716, 0.5912806539509536, 0.459958545317505, 0.27734471972593205, 0.26137431588258053, 0.5583140877598153, 0.46874337783428693, 0.0, 0.0, 0.0, 0.0, 0.0, 0.0, 0.0, 0.0, 0.0, 1.0]
[0.12903225806451613, 0.16472034419176407, 0.4955017301038062, 0.16107078039927403, 0.1099343359457742, 0.43783163631148714, 0.3208969285848879, 0.2286877513529616, 0.2416938470893913, 0.27886836027713635, 0.4308116126297942, 0.0, 0.0, 0.0, 0.0, 0.0, 0.0, 0.0, 0.0, 0.0, 0.0]
[0.06451612903225806, 0.5310387215734481, 0.5058823529411764, 0.5063520871143375, 0.4392077949586952, 0.4048472680338448, 0.19845487092519315, 0.3513231716399384, 0.3887445408811986, 0.20496535796766743, 0.07755880483153203, 0.0, 0.0, 0.0, 0.0, 0.0, 0.0, 0.0, 0.0, 0.0, 0.0]
[0.6048387096774194, 0.39028887523048567, 0.231833910034602, 0.37295825771324864, 0.30004236390595207, 0.37042879678760926, 0.218767665347654, 0.2547539844099101, 0.3494941677262425, 0.2915704387990762, 0.1246026700572153, 0.0, 0.0, 0.0, 0.0, 0.0, 0.0, 0.0, 0.0, 0.0, 0.0]
[0.6612903225806451, 0.7535341118623233, 0.5740484429065743, 0.7404718693284936, 0.6928616818470663, 0.28854151728094063, 0.46033540606745793, 0.42455687403803194, 0.571562828238156, 0.34699769053117774, 0.27209154481881737, 1.0, 0.0, 1.0, 0.0, 0.0, 0.0, 0.0, 0.0, 0.0, 0.0]
[0.08870967741935484, 0.3822987092808852, 0.6508650519031143, 0.34573502722323046, 0.2932111840711713, 0.20866198193030253, 0.07725645374034291, 0.10389255746983764, 0.16789208911493175, 0.2800230946882217, 0.0777707141343505, 0.0, 0.0, 0.0, 0.0, 0.0, 0.0, 0.0, 0.0, 0.0, 0.0]
[0.20967741935483872, 0.281499692685925, 0.8020761245674741, 0.2885662431941924, 0.202976064393137, 0.4493044600602324, 0.4441303938194836, 0.37515515614914846, 0.35203714964895794, 0.4520785219399539, 0.34435261707988984, 0.0, 0.0, 0.0, 0.0, 0.0, 0.0, 0.0, 0.0, 0.0, 0.0]
[0.12096774193548387, 0.3472649047326369, 0.6124567474048441, 0.3303085299455535, 0.26292099131539926, 0.1373870643912232, 0.211984171848502, 0.17012561441835064, 0.1808281275913539, 0.1628175519630485, 0.13201949565585913, 0.0, 0.0, 0.0, 0.0, 0.0, 0.0, 0.0, 0.0, 0.0, 0.0]
[0.12903225806451613, 1.0, 0.3975778546712803, 1.0, 1.0, 0.49376165208661976, 0.547767100056529, 0.653194975423266, 0.9259218309469843, 0.2840646651270208, 0.15787243059970327, 0.0, 0.0, 0.0, 0.0, 0.0, 0.0, 0.0, 0.0, 0.0, 0.0]
[0.12096774193548387, 0.4708051628764597, 0.341522491349481, 0.45553539019963696, 0.38784155899173894, 0.27864620679764796, 0.22818918409647632, 0.3103619482647336, 0.31510862955387253, 0.22459584295612003, 0.14282687009959727, 0.0, 0.0, 0.0, 0.0, 0.0, 0.0, 0.0, 0.0, 0.0, 0.0]
[0.5806451612903225, 0.19913952059004303, 0.46470588235294114, 0.1902903811252269, 0.13191061215844102, 0.2819446436254121, 0.3186357640851704, 0.2172682587756318, 0.24495549781635256, 0.5352193995381063, 0.2983682983682983, 0.0, 0.0, 0.0, 0.0, 0.0, 0.0, 0.0, 0.0, 1.0, 0.0]
[0.2661290322580645, 0.6238475722188078, 0.3508650519031142, 0.6007259528130671, 0.5414107180682057, 0.3136383192313207, 0.26926700584134156, 0.33071843503301723, 0.5262314113549672, 0.14203233256351047, 0.13456240728967991, 0.0, 0.0, 0.0, 0.0, 0.0, 0.0, 0.0, 0.0, 0.0, 0.0]
[0.9274193548387096, 0.640442532267978, 0.2442906574394464, 0.5952813067150635, 0.5355856809997881, 0.1920263874946221, 0.2745430563406821, 0.25202323618489647, 0.3399303444082039, 0.5918013856812934, 0.20873066327611775, 0.0, 0.0, 0.0, 0.0, 0.0, 0.0, 0.0, 0.0, 0.0, 0.0]
[0.4919354838709677, 0.7572218807621389, 0.4034602076124567, 0.7277676950998185, 0.701334463037492, 0.13509249964147405, 0.25796118334275486, 0.2691524750508912, 0.42406987672065904, 0.2846420323325636, 0.11188811188811174, 0.0, 0.0, 0.0, 0.0, 0.0, 0.0, 0.0, 0.0, 0.0, 0.0]
[0.5725806451612904, 0.215119852489244, 0.3404844290657439, 0.20499092558983656, 0.1488561745392925, 0.3405994550408719, 0.28094968908988127, 0.23340449828707607, 0.2183094698435513, 0.3706697459584296, 0.3053613053613055, 0.0, 0.0, 0.0, 0.0, 0.0, 0.0, 0.0, 0.0, 0.0, 0.0]
[0.09677419354838707, 0.29686539643515675, 0.23252595155709344, 0.2749546279491833, 0.21573819106121583, 0.3113437544815717, 0.16676088185415489, 0.12089767141651356, 0.13510973519818675, 0.3360277136258659, 0.14091968637423177, 0.0, 0.0, 0.0, 0.0, 0.0, 0.0, 0.0, 0.0, 0.0, 0.0]
[0.4758064516129032, 0.4935464044253228, 0.31937716262975774, 0.4764065335753176, 0.397373437830968, 0.2280223720063101, 0.29263237233842093, 0.24159674296211708, 0.38028636187738407, 0.24191685912240185, 0.15723670269124823, 0.0, 0.0, 0.0, 0.0, 0.0, 0.0, 0.0, 0.0, 0.0, 0.0]
[0.07258064516129031, 0.7111247695144438, 0.3993079584775087, 0.6805807622504537, 0.6542046176657488, 0.013623978201634772, 0.17173544375353308, 0.1108187279678268, 0.239703687323788, 0.24249422632794465, 0.050222504767959406, 1.0, 1.0, 1.0, 1.0, 0.0, 0.0, 0.0, 0.0, 0.0, 0.0]
[0.24193548387096772, 0.43454210202827287, 0.5958477508650519, 0.4137931034482759, 0.3449481042152086, 0.28567331134375445, 0.21688336159788957, 0.21006901345514123, 0.2777378517330975, 0.3215935334872979, 0.2771773680864589, 0.0, 0.0, 0.0, 0.0, 0.0, 0.0, 0.0, 0.0, 0.0, 0.0]
[0.056451612903225805, 0.32575291948371243, 0.3159169550173011, 0.3439201451905626, 0.24052107604321113, 0.39624265022228583, 0.5398530243075182, 0.4955563278883868, 0.3959865111393664, 0.4867205542725174, 0.32909514727696526, 0.0, 0.0, 0.0, 0.0, 0.0, 0.0, 1.0, 0.0, 0.0, 0.0]
[0.5161290322580645, 0.29194837123540257, 0.3435986159169549, 0.2658802177858439, 0.214467273882652, 0.3011616234045604, 0.15805539853024303, 0.1041408073084752, 0.1745812372159876, 0.1789838337182448, 0.1110404746768382, 0.0, 0.0, 0.0, 0.0, 0.0, 0.0, 0.0, 0.0, 0.0, 0.0]
[0.7983870967741934, 0.3171481253841426, 0.26539792387543254, 0.3012704174228674, 0.23903833933488663, 0.31894450021511545, 0.2549462973431316, 0.17499131125564768, 0.21626402786223672, 0.319284064665127, 0.25916507734689537, 0.0, 0.0, 0.0, 0.0, 0.0, 0.0, 0.0, 0.0, 0.0, 0.0]
[0.8306451612903225, 0.29686539643515675, 0.4335640138408304, 0.30671506352087113, 0.2229400550730777, 0.5812419331708018, 0.4867156585641604, 0.4699865945087136, 0.41174194261706015, 0.4549653579676675, 0.4886628522992159, 0.0, 0.0, 0.0, 0.0, 0.0, 0.0, 0.0, 0.0, 0.0, 0.0]
[0.07258064516129031, 0.4806392132759681, 0.38235294117647056, 0.46279491833030856, 0.3867824613429358, 0.23218127061523017, 0.3548143960806481, 0.20361451765056351, 0.224390513571784, 0.3724018475750578, 0.2242000423818604, 0.0, 0.0, 0.0, 0.0, 0.0, 0.0, 0.0, 0.0, 0.0, 0.0]
[0.12903225806451613, 0.256299938537185, 0.21799307958477504, 0.24392014519056257, 0.1879898326625715, 0.19776279936899469, 0.18778971170152625, 0.127898316866094, 0.11321797777654928, 0.16512702078521932, 0.2036448400084764, 0.0, 0.0, 0.0, 0.0, 0.0, 0.0, 0.0, 0.0, 0.0, 0.0]
[0.056451612903225805, 0.5537799631223111, 0.5892733564013841, 0.5344827586206897, 0.4640965897055708, 0.22630144844399816, 0.2662521198417184, 0.276848220048657, 0.35192658521753556, 0.1685912240184758, 0.09239245602881958, 0.0, 0.0, 0.0, 0.0, 0.0, 0.0, 0.0, 0.0, 0.0, 0.0]
[0.20161290322580644, 0.17516902274124163, 0.18719723183391, 0.1681488203266788, 0.11782461342935818, 0.36899469381901606, 0.30883738458639526, 0.1338314880095328, 0.16794737133064294, 0.20438799076212463, 0.3265522356431446, 0.0, 0.0, 0.0, 0.0, 0.0, 0.0, 0.0, 0.0, 0.0, 0.0]
[0.04838709677419355, 0.5740626920712969, 0.3844290657439446, 0.5526315789473686, 0.49216267739885616, 0.2525455327692527, 0.2805728283399283, 0.3185541929397745, 0.36513903477251375, 0.605080831408776, 0.12926467471922007, 0.0, 0.0, 0.0, 0.0, 0.0, 0.0, 0.0, 0.0, 0.0, 0.0]
[0.782258064516129, 0.27719729563614026, 0.05224913494809688, 0.277676950998185, 0.1987396737979241, 0.7275204359673025, 0.4124740908234407, 0.4449133608063154, 0.4941677262424679, 0.3799076212471132, 0.4331426149607968, 0.0, 0.0, 0.0, 0.0, 0.0, 0.0, 0.0, 0.0, 0.0, 0.0]
[0.5806451612903225, 0.17885679164105717, 0.22664359861591693, 0.17295825771324855, 0.1150709595424698, 0.39624265022228583, 0.39815338232523073, 0.1862618539297949, 0.1974127923047156, 0.46073903002309474, 0.40072049162958245, 0.0, 0.0, 0.0, 0.0, 0.0, 0.0, 0.0, 0.0, 0.0, 0.0, 0.0, 1.0, 0.0, 0.0, 2.0, 1.0, 1.0]
[0.08064516129032259, 0.7062077443146898, 0.5896193771626298, 0.7141560798548094, 0.604956576996399, 0.6615516994120177, 0.6110797060486148, 0.8289558611786902, 0.9060202332909504, 0.7020785219399539, 0.17440135621953792, 1.0, 1.0, 0.0, 0.0, 0.0, 0.0, 0.0, 1.0, 0.0, 0.0, 1.0, 2.0, 2.0, 1.0, 1.0, 1.0, 1.0]
[0.08064516129032259, 0.592501536570375, 0.37577854671280264, 0.5980036297640654, 0.5075195933065029, 0.48085472536928153, 0.44601469756924805, 0.4836403356337818, 0.5074354580131573, 0.3117782909930716, 0.2536554354736173, 0.0, 0.0, 0.0, 0.0, 0.0, 0.0, 0.0, 0.0, 0.0, 0.0, 0.0, 2.0, 2.0, 1.0, 2.0, 1.0, 2.0]
[0.09677419354838707, 0.2858020897357099, 0.5678200692041522, 0.25362976406533566, 0.21097225164160127, 0.05564319518141396, 0.02393065762200867, 0.03425847773198947, 0.04671347227596884, 0.15704387990762125, 0.07840644204280559, 0.0, 0.0, 0.0, 0.0, 0.0, 0.0, 0.0, 0.0, 0.0, 0.0, 0.0, 2.0, 1.0, 0.0, 0.0, 0.0, 0.0]
[0.2983870967741936, 0.17578365089121087, 0.4626297577854671, 0.17840290381125226, 0.1250794323236602, 0.82217123189445, 0.4927454305634068, 0.32724293729209075, 0.3949914312565648, 0.5444572748267897, 0.5077346895528713, 0.0, 0.0, 0.0, 0.0, 0.0, 0.0, 0.0, 0.0, 0.0, 0.0, 0.0, 3.0, 1.0, 0.0, 4.0, 2.0, 1.0]
[0.2983870967741936, 0.2519975414874002, 0.3006920415224913, 0.2301270417422868, 0.18020546494386777, 0.24637889000430213, 0.15044281138119464, 0.1263095178988133, 0.12737022499861794, 0.1460739030023094, 0.1885992795083704, 0.0, 0.0, 0.0, 0.0, 0.0, 0.0, 0.0, 0.0, 0.0, 0.0, 0.0, 1.0, 0.0, 0.0, 1.0, 0.0, 1.0]
[0.016129032258064516, 0.5082974800245851, 0.5813148788927335, 0.516333938294011, 0.40902351196780334, 0.4880252402122472, 0.49613717731298274, 0.4712278437019016, 0.504671347227597, 0.35565819861431863, 0.2890442890442891, 0.0, 1.0, 0.0, 0.0, 0.0, 0.0, 0.0, 0.0, 0.0, 0.0, 0.0, 4.0, 2.0, 1.0, 2.0, 2.0, 2.0]
[0.1129032258064516, 0.09711124769514447, 0.71280276816609, 0.07722323049001806, 0.06847066299512812, 0.2516850709880969, 0.06278500094215188, 0.09316816444069312, 0.10542318536126928, 0.3954965357967668, 0.324009324009324, 0.0, 0.0, 0.0, 0.0, 0.0, 0.0, 0.0, 0.0, 0.0, 0.0, 0.0, 3.0, 0.0, 0.0, 2.0, 0.0, 0.0]
[0.9838709677419355, 0.3116164720344192, 0.4449826989619377, 0.279491833030853, 0.23098919720398217, 0.101677900473254, 0.07778405879027697, 0.022367310461248197, 0.0714246226988778, 0.12702078521939947, 0.14240305149396068, 0.0, 0.0, 0.0, 0.0, 0.0, 0.0, 0.0, 0.0, 0.0, 0.0, 0.0, 2.0, 1.0, 0.0, 1.0, 0.0, 0.0]
[0.2661290322580645, 0.1530424093423479, 0.3875432525951557, 0.1295825771324864, 0.1066511332344842, 0.09536784741144401, 0.053740342943282456, 0.017675388510997463, 0.0, 0.2748267898383372, 0.11909302818393729, 0.0, 0.0, 0.0, 0.0, 0.0, 0.0, 0.0, 0.0, 0.0, 0.0, 0.0, 2.0, 0.0, 0.0, 0.0, 0.0, 0.0]
[0.7258064516129032, 0.17332513829133375, 0.41211072664359855, 0.16996370235934655, 0.12036644778648588, 0.6457765667574932, 0.3039381948370077, 0.2842957152077851, 0.24849355962186967, 0.3036951501154735, 0.3924560288196651, 0.0, 1.0, 0.0, 0.0, 0.0, 0.0, 0.0, 0.0, 0.0, 0.0, 0.0, 2.0, 0.0, 0.0, 3.0, 1.0, 1.0]
[0.10483870967741936, 0.5218192993239091, 0.29204152249134946, 0.5099818511796733, 0.4264986231730565, 0.486591137243654, 0.3721499905784813, 0.500521324661139, 0.5477914754823374, 0.2973441108545034, 0.2309811400720492, 0.0, 0.0, 0.0, 0.0, 0.0, 0.0, 0.0, 0.0, 0.0, 0.0, 0.0, 2.0, 2.0, 1.0, 2.0, 1.0, 2.0]
[0.24193548387096772, 0.400122925629994, 1.0, 0.3765880217785844, 0.2960177928404999, 0.331994837229313, 0.31562087808554734, 0.2922397100441884, 0.3748134225219747, 0.28926096997690537, 0.19940665395210852, 0.0, 0.0, 0.0, 0.0, 0.0, 0.0, 0.0, 0.0, 0.0, 0.0, 0.0, 4.0, 1.0, 1.0, 1.0, 1.0, 1.0]
[0.6209677419354839, 0.32698217578365085, 0.35743944636678204, 0.31760435571687845, 0.2394090235119678, 0.6013193747311057, 0.32353495383455805, 0.3073829502010823, 0.35695726684725526, 0.36951501154734406, 0.26531044712862906, 0.0, 0.0, 0.0, 0.0, 0.0, 0.0, 0.0, 0.0, 0.0, 0.0, 0.0, 2.0, 1.0, 0.0, 2.0, 1.0, 1.0]
[0.75, 0.40688383527965594, 0.1615916955017301, 0.39110707803992734, 0.3142872272823554, 0.33701419761938906, 0.2624835123421895, 0.1856164043493372, 0.3273812814417601, 0.24884526558891457, 0.23818605636787443, 0.0, 0.0, 0.0, 0.0, 0.0, 0.0, 0.0, 0.0, 0.0, 0.0, 0.0, 0.0, 1.0, 1.0, 1.0, 1.0, 0.0]
[0.2661290322580645, 0.37553779963122313, 0.36747404844290654, 0.36206896551724127, 0.29495869519169665, 0.5296142263014484, 0.22442057659694736, 0.3148304453602105, 0.4368953507656587, 0.24191685912240185, 0.2216571307480398, 0.0, 1.0, 0.0, 0.0, 0.0, 0.0, 0.0, 0.0, 0.0, 0.0, 0.0, 2.0, 1.0, 1.0, 2.0, 0.0, 1.0]
[0.6048387096774194, 0.09280885064535965, 0.47266435986159167, 0.10952813067150628, 0.06052743062910398, 0.6256991251971891, 0.7294139815338232, 0.5047415719179782, 0.35999778871137156, 0.4168591224018477, 0.6819241364695908, 0.0, 0.0, 0.0, 0.0, 0.0, 1.0, 1.0, 0.0, 0.0, 1.0, 0.0, 3.0, 0.0, 0.0, 3.0, 4.0, 4.0]
[0.12903225806451613, 0.6127842655193608, 0.5089965397923876, 0.6451905626134301, 0.5218174115653463, 0.5009321669295855, 0.6691162615413604, 0.7284146765304602, 0.7025816794737134, 0.48556581986143194, 0.392879847425302, 0.0, 0.0, 1.0, 0.0, 0.0, 0.0, 1.0, 1.0, 0.0, 0.0, 1.0, 1.0, 3.0, 1.0, 2.0, 1.0, 2.0]
[0.45967741935483863, 0.18500307314074996, 0.23079584775086504, 0.17722323049001815, 0.12751535691590762, 0.4966298580238061, 0.3084605238364424, 0.1834814557370537, 0.17773232351152635, 0.3464203233256351, 0.234159779614325, 0.0, 0.0, 0.0, 0.0, 0.0, 0.0, 0.0, 0.0, 0.0, 0.0, 0.0, 0.0, 0.0, 0.0, 2.0, 1.0, 1.0]
[0.12096774193548387, 0.4179471419791027, 0.610726643598616, 0.411978221415608, 0.3283202711289981, 0.35852574214828625, 0.32165065008479354, 0.36199791470135534, 0.3461772347835701, 0.23383371824480373, 0.18881118881118883, 0.0, 0.0, 0.0, 0.0, 0.0, 0.0, 0.0, 0.0, 0.0, 0.0, 0.0, 3.0, 2.0, 1.0, 2.0, 1.0, 2.0]
[0.00806451612903226, 0.6797787338660112, 0.3986159169550173, 0.6833030852994555, 0.5933065028595637, 0.4493044600602324, 0.5628415300546448, 0.548185293679559, 0.717507877715739, 0.29792147806004626, 0.236278872642509, 1.0, 0.0, 1.0, 0.0, 0.0, 0.0, 0.0, 0.0, 0.0, 0.0, 1.0, 1.0, 3.0, 2.0, 1.0, 1.0, 1.0]
[0.4919354838709677, 0.2864167178856792, 0.3114186851211072, 0.25499092558983666, 0.21023088328743908, 0.04918973182274472, 0.03810062182023742, 0.04495804577727023, 0.04511028802034386, 0.13799076212471134, 0.08857808857808835, 0.0, 0.0, 0.0, 0.0, 0.0, 0.0, 0.0, 0.0, 0.0, 0.0, 0.0, 2.0, 1.0, 0.0, 0.0, 0.0, 0.0]
[0.07258064516129031, 0.7043638598647819, 0.6771626297577855, 0.6678765880217785, 0.6176657487820377, 0.5296142263014484, 0.4667420388166572, 0.704086192343975, 0.7689203383271601, 0.4566974595842956, 0.3767747404111039, 1.0, 0.0, 1.0, 1.0, 0.0, 0.0, 0.0, 0.0, 0.0, 0.0, 1.0, 3.0, 3.0, 3.0, 1.0, 1.0, 2.0]
[0.28225806451612906, 0.24585125998770743, 0.2487889273356401, 0.22640653357531756, 0.1676022029231095, 0.5984511687939194, 0.3182589033352176, 0.32252619035797625, 0.36447564818397926, 0.3747113163972287, 0.2523839796567069, 1.0, 0.0, 1.0, 0.0, 0.0, 0.0, 0.0, 1.0, 1.0, 0.0, 0.0, 0.0, 1.0, 0.0, 2.0, 0.0, 1.0]
[0.07258064516129031, 0.31837738168408114, 0.35640138408304495, 0.3284936479128856, 0.23151874602838377, 0.6027534776996988, 0.5884680610514412, 0.3679559108286579, 0.4560229974017359, 0.4942263279445728, 0.49396058486967576, 0.0, 0.0, 0.0, 0.0, 0.0, 0.0, 0.0, 0.0, 0.0, 0.0, 0.0, 2.0, 1.0, 1.0, 3.0, 1.0, 1.0]
[0.4919354838709677, 0.23110018438844507, 0.3878892733564014, 0.2146098003629764, 0.15637576784579535, 0.555428079736125, 0.3408705483323912, 0.2614567300531255, 0.3367792581126652, 0.41512702078521935, 0.3672388217842763, 0.0, 0.0, 0.0, 0.0, 0.0, 0.0, 0.0, 0.0, 0.0, 0.0, 0.0, 2.0, 1.0, 0.0, 1.0, 1.0, 1.0]
[0.3225806451612903, 0.27719729563614026, 0.46955017301038066, 0.28947368421052627, 0.19577420038127513, 0.6213968162914097, 0.5311852270586017, 0.4444168611290402, 0.35872629775001386, 0.2881062355658199, 0.4361093452002541, 0.0, 1.0, 0.0, 0.0, 0.0, 0.0, 0.0, 0.0, 0.0, 0.0, 0.0, 2.0, 1.0, 0.0, 3.0, 2.0, 2.0]
[0.3064516129032258, 0.5752919483712353, 0.5771626297577855, 0.5535390199637024, 0.49057403092565127, 0.35895597303886423, 0.23648012059544, 0.31756119358522417, 0.4036707391232241, 0.292147806004619, 0.11591438864166144, 0.0, 0.0, 0.0, 0.0, 0.0, 0.0, 0.0, 0.0, 0.0, 0.0, 1.0, 3.0, 2.0, 1.0, 2.0, 1.0, 1.0]
[0.6854838709677419, 0.20098340503995088, 0.44083044982698966, 0.20390199637023596, 0.13148697309891968, 0.46651369568335, 0.7358206142830223, 0.4322526190357976, 0.25357952346730056, 0.6212471131639722, 0.5333757151938969, 0.0, 1.0, 0.0, 0.0, 0.0, 1.0, 1.0, 0.0, 1.0, 1.0, 0.0, 3.0, 0.0, 0.0, 2.0, 4.0, 3.0]
[0.5403225806451613, 0.19913952059004303, 0.5411764705882353, 0.2213248638838476, 0.14340182164795592, 0.43066112146852137, 0.5183719615602035, 0.44019661387220094, 0.31881253800652326, 0.33833718244803707, 0.33905488450943, 0.0, 0.0, 0.0, 0.0, 0.0, 0.0, 0.0, 0.0, 0.0, 0.0, 0.0, 2.0, 1.0, 0.0, 2.0, 2.0, 2.0]
[0.41935483870967744, 0.5113706207744315, 0.5567474048442905, 0.5081669691470057, 0.42385087905104846, 0.27305320522013465, 0.47427925381571506, 0.3518196713172136, 0.3074796837857261, 0.3146651270207852, 0.26191989828353457, 0.0, 0.0, 0.0, 0.0, 0.0, 0.0, 0.0, 0.0, 0.0, 0.0, 1.0, 2.0, 2.0, 1.0, 2.0, 3.0, 2.0]
[0.41935483870967744, 0.6232329440688384, 0.5602076124567473, 0.6424682395644281, 0.5027536538868883, 0.5611644916104975, 0.8937252685132842, 0.5578670373864257, 0.7147437669301787, 0.6275981524249422, 0.5028607755880481, 0.0, 0.0, 0.0, 0.0, 0.0, 0.0, 0.0, 0.0, 0.0, 0.0, 1.0, 2.0, 3.0, 2.0, 2.0, 3.0, 2.0]
[0.14516129032258063, 0.1063306699446835, 0.4657439446366782, 0.09791288566243188, 0.07276000847278116, 0.5339165352072278, 0.30205389108724323, 0.22049550667792064, 0.26767648847365805, 0.344688221709007, 0.3316380589107862, 0.0, 0.0, 0.0, 0.0, 0.0, 0.0, 0.0, 0.0, 0.0, 0.0, 0.0, 2.0, 0.0, 0.0, 3.0, 1.0, 1.0]
[0.9274193548387096, 0.05470190534726494, 0.2878892733564013, 0.0547186932849365, 0.041834357127727165, 0.515273196615517, 0.39777652157527793, 0.24283799215530513, 0.17419426170600924, 0.5733256351039261, 0.5878364060182243, 0.0, 0.0, 0.0, 0.0, 0.0, 0.0, 0.0, 0.0, 0.0, 0.0, 0.0, 1.0, 1.0, 0.0, 2.0, 2.0, 2.0]
[0.9838709677419355, 0.028887523048555665, 0.3460207612456747, 0.051542649727767634, 0.01297394619783944, 0.9684497346909507, 0.8963632937629544, 0.5397447991658806, 0.46929072917242526, 0.7442263279445727, 1.0, 0.0, 0.0, 0.0, 0.0, 0.0, 1.0, 0.0, 0.0, 1.0, 1.0, 0.0, 1.0, 0.0, 0.0, 4.0, 4.0, 2.0]
[0.23387096774193547, 0.2624462200368778, 0.7003460207612457, 0.2858439201451906, 0.18814869730989195, 0.4277929155313352, 0.6129640097983794, 0.5735067772205948, 0.4089778318314998, 0.4734411085450346, 0.45073108709472337, 0.0, 0.0, 0.0, 0.0, 0.0, 0.0, 0.0, 0.0, 0.0, 0.0, 0.0, 3.0, 1.0, 0.0, 2.0, 3.0, 4.0]
[0.7258064516129032, 0.2526121696373695, 0.32698961937716253, 0.25771324863883843, 0.18216479559415377, 0.41488598881399685, 0.4117203693235349, 0.3624944143786306, 0.3750345513848196, 0.3158198614318707, 0.2667938122483575, 0.0, 0.0, 0.0, 0.0, 0.0, 0.0, 0.0, 0.0, 0.0, 0.0, 0.0, 1.0, 1.0, 0.0, 2.0, 1.0, 2.0]
[0.1774193548387097, 0.4351567301782423, 0.2238754325259516, 0.4137931034482759, 0.3327684812539716, 0.20794493044600604, 0.2907480685886564, 0.21106201280969167, 0.23345679694842167, 0.2378752886836027, 0.15999152362788716, 0.0, 0.0, 0.0, 0.0, 0.0, 0.0, 0.0, 0.0, 0.0, 0.0, 0.0, 0.0, 1.0, 1.0, 1.0, 1.0, 1.0]
[0.024193548387096774, 0.908420405654579, 0.24498269896193767, 0.9283121597096189, 0.8729082821436136, 0.5726373153592428, 0.7169775767853778, 0.7765751452261556, 0.9452706064459064, 0.3741339491916859, 0.23225259588895947, 0.0, 0.0, 1.0, 0.0, 0.0, 0.0, 0.0, 0.0, 0.0, 0.0, 1.0, 1.0, 4.0, 4.0, 2.0, 2.0, 2.0]
[0.04032258064516129, 0.5439459127228028, 0.3487889273356401, 0.529038112522686, 0.462507943232366, 0.3090491897318228, 0.23233465234595813, 0.3374211806762325, 0.36895350765658685, 0.18013856812933027, 0.1496079677897859, 0.0, 0.0, 0.0, 0.0, 0.0, 0.0, 0.0, 1.0, 0.0, 0.0, 0.0, 1.0, 2.0, 1.0, 1.0, 0.0, 1.0]
[0.5725806451612904, 0.24830977258758455, 0.5128027681660899, 0.21451905626134304, 0.1785638635882228, 0.27104546106410443, 0.01982287544752214, 0.0, 0.04798496323732655, 0.1483833718244804, 0.1015045560500105, 1.0, 1.0, 1.0, 0.0, 0.0, 0.0, 0.0, 0.0, 0.0, 0.0, 0.0, 1.0, 0.0, 0.0, 0.0, 0.0, 0.0, 0.0, 0.0, 0.0, 1.0, 1.0]
[0.2661290322580645, 0.5617701290719116, 0.46643598615916954, 0.5698729582577131, 0.4688625291251853, 0.47368421052631593, 0.5191256830601092, 0.5072240703043543, 0.5953341809939743, 0.5433025404157044, 0.5179063360881541, 1.0, 0.0, 1.0, 0.0, 0.0, 0.0, 0.0, 0.0, 0.0, 0.0, 0.0, 1.0, 2.0, 1.0, 1.0, 1.0, 2.0, 3.0, 1.0, 1.0, 2.0, 2.0]
[0.4677419354838709, 0.42901044867854954, 0.4878892733564014, 0.3929219600725953, 0.3374814657911459, 0.19475118313494905, 0.09127567363859054, 0.08194727173427337, 0.14998065122450108, 0.13279445727482675, 0.10277601186692097, 0.0, 0.0, 0.0, 0.0, 0.0, 0.0, 0.0, 0.0, 0.0, 0.0, 0.0, 2.0, 1.0, 1.0, 1.0, 0.0, 0.0, 1.0, 0.0, 0.0, 0.0, 0.0]
[0.20967741935483872, 0.4400737553779963, 0.5463667820069205, 0.4246823956442831, 0.32228341453081966, 0.33988240355657534, 0.4731486715658563, 0.48090958740876816, 0.42495439217203823, 0.4359122401847576, 0.24772197499470208, 0.0, 0.0, 0.0, 0.0, 0.0, 0.0, 1.0, 1.0, 0.0, 0.0, 0.0, 2.0, 2.0, 1.0, 2.0, 2.0, 3.0, 4.0, 2.0, 1.0, 1.0, 0.0]
[0.9516129032258066, 0.1259987707437001, 0.3958477508650519, 0.1415607985480943, 0.08377462402033463, 0.7504660834647926, 0.5545505935556811, 0.40196613872200976, 0.40477638343744815, 0.6016166281755195, 0.5009535918626827, 0.0, 0.0, 0.0, 0.0, 0.0, 0.0, 0.0, 0.0, 0.0, 0.0, 0.0, 2.0, 0.0, 0.0, 3.0, 2.0, 2.0, 3.0, 2.0, 1.0, 0.0, 0.0]
[0.7016129032258065, 0.5433312845728334, 0.5100346020761246, 0.530852994555354, 0.4397373437830968, 0.3804675175677614, 0.4252873563218391, 0.5722655280274068, 0.5229144784122948, 0.5161662817551964, 0.23055732146641225, 0.0, 0.0, 0.0, 0.0, 0.0, 0.0, 0.0, 0.0, 0.0, 0.0, 0.0, 2.0, 2.0, 1.0, 1.0, 1.0, 2.0, 2.0, 1.0, 0.0, 1.0, 2.0]
[0.18548387096774197, 0.7719729563614014, 0.48062283737024214, 0.7549909255898366, 0.7336369413259902, 0.45790907787179114, 0.30996796683625394, 0.5134303162702945, 0.6672010614185416, 0.28233256351039254, 0.10192837465564741, 1.0, 0.0, 0.0, 0.0, 0.0, 0.0, 0.0, 0.0, 0.0, 0.0, 1.0, 2.0, 3.0, 3.0, 2.0, 1.0, 1.0, 3.0, 1.0, 0.0, 1.0, 0.0]
[0.48387096774193544, 0.432698217578365, 0.0, 0.46188747731397456, 0.33859351832238926, 0.6228309192600029, 0.8726210665159222, 0.6854674544461545, 0.7009232130023773, 0.6414549653579678, 0.6030938758211486, 1.0, 0.0, 1.0, 0.0, 0.0, 0.0, 0.0, 0.0, 0.0, 0.0, 1.0, 0.0, 3.0, 2.0, 2.0, 3.0, 3.0, 4.0, 2.0, 2.0, 1.0, 0.0]
[0.8629032258064515, 0.4738783036263062, 0.2332179930795848, 0.4491833030852995, 0.3788392289769116, 0.43639753334289383, 0.24100244959487468, 0.30216970358969264, 0.36674221902813864, 0.3799076212471132, 0.25174825174825166, 0.0, 0.0, 0.0, 0.0, 0.0, 0.0, 0.0, 0.0, 0.0, 0.0, 0.0, 1.0, 2.0, 1.0, 2.0, 0.0, 1.0, 2.0, 1.0, 0.0, 3.0, 3.0]
[0.4112903225806452, 0.2673632452366319, 0.5152249134948097, 0.2767695099818512, 0.19635670408811687, 0.4765524164635021, 0.4659883173167513, 0.3582741671217914, 0.3714964895793024, 0.35681293302540407, 0.32104259376986644, 0.0, 0.0, 0.0, 0.0, 0.0, 0.0, 0.0, 0.0, 0.0, 0.0, 0.0, 3.0, 2.0, 1.0, 2.0, 2.0, 2.0, 3.0, 2.0, 1.0, 0.0, 0.0]
[0.8306451612903225, 0.32022126613398894, 0.386159169550173, 0.31125226860254085, 0.23734378309680149, 0.37042879678760926, 0.3103448275862068, 0.19939427039372423, 0.1980208966775388, 0.491916859122402, 0.183513456240729, 0.0, 0.0, 0.0, 0.0, 0.0, 0.0, 0.0, 0.0, 0.0, 0.0, 0.0, 2.0, 1.0, 0.0, 2.0, 1.0, 1.0, 1.0, 1.0, 0.0, 0.0, 0.0]
[0.07258064516129031, 0.1118623232944069, 0.41833910034602073, 0.08911070780399269, 0.07662571489091292, 0.223433242506812, 0.04356510269455436, 0.057420187676878, 0.03720493117364144, 0.15993071593533487, 0.22038567493112948, 0.0, 0.0, 0.0, 0.0, 0.0, 0.0, 0.0, 0.0, 0.0, 0.0, 0.0, 2.0, 0.0, 0.0, 2.0, 0.0, 0.0, 1.0, 1.0, 0.0, 0.0, 0.0]
[0.6129032258064516, 0.16963736939151824, 0.36159169550173, 0.1660617059891107, 0.11454141071806816, 0.6300014341029687, 0.44639155831920097, 0.17298048756268308, 0.2185858809221074, 0.51270207852194, 0.5140919686374233, 0.0, 0.0, 0.0, 0.0, 0.0, 0.0, 0.0, 0.0, 0.0, 0.0, 0.0, 1.0, 0.0, 0.0, 2.0, 1.0, 1.0, 2.0, 1.0, 1.0, 1.0, 1.0]
[0.056451612903225805, 0.2759680393362016, 0.7197231833910034, 0.26406533575317603, 0.20059309468332975, 0.27276638462641617, 0.22668174109666475, 0.2818132168214091, 0.24705622201337837, 0.2465357967667436, 0.2288620470438652, 0.0, 0.0, 0.0, 0.0, 0.0, 0.0, 0.0, 0.0, 0.0, 0.0, 0.0, 3.0, 0.0, 0.0, 1.0, 0.0, 1.0, 1.0, 1.0, 0.0, 0.0, 0.0]
[0.4516129032258064, 0.432698217578365, 0.35570934256055364, 0.4165154264972776, 0.33366871425545436, 0.41058367990821726, 0.31788204258526465, 0.23861774489846577, 0.3755320913262204, 0.394919168591224, 0.22123331214240305, 0.0, 0.0, 0.0, 0.0, 0.0, 0.0, 0.0, 0.0, 0.0, 0.0, 0.0, 1.0, 1.0, 1.0, 2.0, 1.0, 1.0, 3.0, 1.0, 0.0, 1.0, 0.0]
[0.03225806451612903, 0.7584511370620775, 0.5636678200692041, 0.7894736842105264, 0.7008049142130904, 0.5611644916104975, 0.6118334275485208, 0.8150538702149843, 0.7832937144120737, 0.5150115473441109, 0.255138800593346, 0.0, 0.0, 0.0, 0.0, 0.0, 0.0, 1.0, 1.0, 0.0, 0.0, 1.0, 2.0, 3.0, 2.0, 2.0, 1.0, 3.0, 4.0, 1.0, 1.0, 4.0, 2.0]
[0.6129032258064516, 0.11555009219422253, 0.41349480968858127, 0.12123411978221416, 0.07498411353526793, 0.4851570342750609, 0.5044281138119464, 0.36125316518544254, 0.2670131018851236, 0.47055427251732096, 0.4723458359821994, 0.0, 0.0, 0.0, 0.0, 0.0, 0.0, 0.0, 0.0, 0.0, 0.0, 0.0, 2.0, 0.0, 0.0, 3.0, 2.0, 2.0, 3.0, 1.0, 2.0, 1.0, 4.0]
[0.6693548387096774, 0.5494775660725262, 0.22525951557093424, 0.529038112522686, 0.4593306502859563, 0.36612648788182994, 0.25381571509327294, 0.31234794697383444, 0.5074354580131573, 0.24364896073903008, 0.23776223776223776, 1.0, 0.0, 1.0, 0.0, 0.0, 0.0, 0.0, 1.0, 1.0, 0.0, 0.0, 0.0, 2.0, 1.0, 1.0, 0.0, 0.0, 2.0, 1.0, 0.0, 2.0, 0.0]
[0.07258064516129031, 0.6035648432698216, 0.43079584775086494, 0.5943738656987296, 0.5159923744969286, 0.406281371002438, 0.39739966082532496, 0.3468546745444616, 0.4488363093592792, 0.2840646651270208, 0.13053613053613053, 0.0, 0.0, 0.0, 0.0, 0.0, 0.0, 0.0, 0.0, 0.0, 0.0, 1.0, 1.0, 2.0, 1.0, 2.0, 1.0, 1.0, 3.0, 1.0, 0.0, 1.0, 0.0]
[0.4032258064516129, 0.25691456668715434, 0.672318339100346, 0.22513611615245, 0.18952552425333613, 0.11802667431521568, 0.0, 0.05679956308028399, 0.03913980872353364, 0.3140877598152425, 0.057003602458147874, 0.0, 0.0, 0.0, 0.0, 0.0, 0.0, 0.0, 0.0, 0.0, 0.0, 0.0, 3.0, 0.0, 0.0, 1.0, 0.0, 0.0, 0.0, 1.0, 0.0, 1.0, 2.0]
[0.08870967741935484, 0.43392747387830377, 0.35224913494809684, 0.4219600725952813, 0.34177081126879894, 0.3603900760074572, 0.31222913133597124, 0.23092199990070003, 0.31682237824092, 0.466512702078522, 0.22292858656495024, 0.0, 0.0, 0.0, 0.0, 0.0, 0.0, 0.0, 0.0, 0.0, 0.0, 0.0, 1.0, 1.0, 1.0, 1.0, 0.0, 1.0, 2.0, 1.0, 0.0, 1.0, 0.0]
[0.28225806451612906, 0.3527965580823603, 0.3397923875432526, 0.3194192377495462, 0.26265621690319846, 0.0, 0.09447899001319011, 0.031056054813564354, 0.015257891536292789, 0.3106235565819861, 0.06357279084551803, 0.0, 0.0, 0.0, 0.0, 0.0, 0.0, 0.0, 0.0, 0.0, 0.0, 0.0, 1.0, 1.0, 0.0, 0.0, 1.0, 0.0, 1.0, 3.0, 0.0, 1.0, 0.0]
[0.09677419354838707, 0.5285802089735712, 0.4439446366782007, 0.5172413793103449, 0.43020546494386774, 0.37329700272479543, 0.3231580930846052, 0.40122138920609696, 0.4521532423019514, 0.3931870669745958, 0.18203009112100008, 0.0, 1.0, 0.0, 0.0, 0.0, 0.0, 0.0, 1.0, 0.0, 0.0, 0.0, 2.0, 1.0, 1.0, 1.0, 0.0, 1.0, 2.0, 0.0, 0.0, 1.0, 2.0]
[0.37096774193548393, 0.4837123540258145, 0.40103806228373695, 0.47005444646098, 0.3963143401821648, 0.3847698264735408, 0.3499152063312605, 0.3361799314830445, 0.371109514069324, 0.3666281755196305, 0.23458359821996197, 0.0, 0.0, 0.0, 0.0, 0.0, 0.0, 0.0, 0.0, 0.0, 0.0, 0.0, 2.0, 2.0, 1.0, 2.0, 1.0, 1.0, 2.0, 1.0, 0.0, 0.0, 0.0]
[0.4919354838709677, 0.519360786724032, 0.4539792387543253, 0.5190562613430126, 0.4201440372802372, 0.39767675319087903, 0.41360467307329934, 0.4491336080631547, 0.3789595887003152, 0.3868360277136259, 0.20661157024793375, 0.0, 0.0, 0.0, 0.0, 0.0, 0.0, 0.0, 0.0, 0.0, 0.0, 0.0, 2.0, 2.0, 1.0, 2.0, 1.0, 1.0, 2.0, 1.0, 0.0, 0.0, 0.0]
[0.8225806451612903, 0.22311001843884457, 0.38581314878892736, 0.2314882032667876, 0.14996822707053586, 0.43639753334289383, 0.530431505558696, 0.2942257087532893, 0.37326552048206085, 0.5450346420323328, 0.4024157660521296, 0.0, 0.0, 0.0, 0.0, 0.0, 0.0, 0.0, 0.0, 0.0, 0.0, 0.0, 2.0, 1.0, 0.0, 2.0, 3.0, 2.0, 4.0, 2.0, 2.0, 1.0, 0.0]
[0.18548387096774197, 0.8199139520590043, 0.5224913494809689, 0.8157894736842105, 0.7166913789451388, 0.26918112720493326, 0.6872055775390992, 0.6112407526935107, 0.6445353529769473, 0.5767898383371824, 0.27187963551599903, 0.0, 0.0, 0.0, 0.0, 0.0, 0.0, 0.0, 0.0, 0.0, 0.0, 1.0, 2.0, 3.0, 2.0, 1.0, 1.0, 2.0, 3.0, 2.0, 0.0, 0.0, 0.0]
[0.6935483870967742, 0.3730792870313461, 0.4705882352941176, 0.3711433756805807, 0.28473840288074553, 0.6414742578517137, 0.3902393065762201, 0.5404895486817933, 0.5527668748963459, 0.5427251732101617, 0.2875609239245603, 0.0, 0.0, 0.0, 0.0, 0.0, 0.0, 0.0, 0.0, 0.0, 0.0, 0.0, 2.0, 1.0, 1.0, 2.0, 1.0, 2.0, 2.0, 1.0, 0.0, 0.0, 0.0]
[0.4032258064516129, 0.5685310387215735, 0.5692041522491348, 0.5607985480943738, 0.4619783944079644, 0.34533199483722926, 0.4554362163180704, 0.34784767389901194, 0.5870418486372935, 0.3273672055427252, 0.21084975630430164, 0.0, 0.0, 0.0, 0.0, 0.0, 0.0, 0.0, 1.0, 1.0, 0.0, 1.0, 2.0, 2.0, 1.0, 1.0, 1.0, 1.0, 3.0, 1.0, 0.0, 1.0, 0.0]
[0.03225806451612903, 0.35832821143208365, 0.2913494809688581, 0.33938294010889286, 0.27785426816352465, 0.19618528610354224, 0.17248916525343883, 0.1495457027952932, 0.25125767040743, 0.3377598152424942, 0.10786183513456236, 0.0, 0.0, 0.0, 0.0, 0.0, 0.0, 0.0, 0.0, 0.0, 0.0, 0.0, 1.0, 1.0, 1.0, 1.0, 0.0, 0.0, 2.0, 1.0, 0.0, 1.0, 0.0]
[0.25806451612903225, 0.5365703749231715, 0.3910034602076125, 0.5263157894736843, 0.4407964414319, 0.3298436827764233, 0.3310721688336159, 0.40295913807656014, 0.4974846591851402, 0.44688221709006926, 0.1462174189446916, 0.0, 1.0, 0.0, 0.0, 0.0, 0.0, 0.0, 0.0, 1.0, 0.0, 0.0, 2.0, 2.0, 1.0, 1.0, 1.0, 1.0, 3.0, 2.0, 0.0, 0.0, 2.0]
[0.43548387096774194, 0.38967424708051623, 0.38235294117647056, 0.3702359346642468, 0.30554967167972885, 0.3646923849132368, 0.25004710759374404, 0.21776475845290696, 0.3508209409033115, 0.25461893764434174, 0.1688917143462599, 0.0, 0.0, 0.0, 0.0, 0.0, 0.0, 0.0, 0.0, 0.0, 0.0, 0.0, 1.0, 2.0, 1.0, 1.0, 0.0, 1.0, 2.0, 1.0, 0.0, 0.0, 0.0]
[0.7258064516129032, 0.45236631837738167, 0.2837370242214532, 0.4237749546279491, 0.35977547129845366, 0.156460633873512, 0.14558130770680228, 0.14326498187776177, 0.2091326220354912, 0.18071593533487293, 0.08476372112735743, 0.0, 0.0, 0.0, 0.0, 0.0, 0.0, 0.0, 0.0, 0.0, 0.0, 0.0, 1.0, 1.0, 1.0, 1.0, 0.0, 1.0, 2.0, 1.0, 0.0, 2.0, 0.0]
[0.48387096774193544, 0.583282114320836, 0.39446366782006925, 0.5617059891107079, 0.49322177504765935, 0.23705722070844676, 0.2526851328434143, 0.18372970557569132, 0.31809386920227767, 0.1789838337182448, 0.11273574909938544, 0.0, 0.0, 0.0, 0.0, 0.0, 0.0, 0.0, 0.0, 0.0, 0.0, 1.0, 1.0, 2.0, 1.0, 1.0, 0.0, 1.0, 2.0, 1.0, 0.0, 0.0, 0.0]
[0.04838709677419355, 0.00799016594960054, 0.2923875432525951, 0.01270417422867506, 0.0, 0.6687222142549835, 0.6382136800452232, 0.35976366615361693, 0.239703687323788, 0.51270207852194, 0.6198347107438017, 0.0, 0.0, 0.0, 0.0, 0.0, 0.0, 0.0, 0.0, 0.0, 0.0, 0.0, 2.0, 0.0, 0.0, 4.0, 4.0, 3.0, 4.0, 2.0, 2.0, 0.0, 0.0]
[0.5161290322580645, 0.4935464044253228, 0.4754325259515571, 0.4546279491833031, 0.353950434230036, 0.642908360820307, 0.4339551535707556, 0.4665110967677871, 0.5262314113549672, 0.6160508083140878, 0.3214664123755034, 0.0, 0.0, 0.0, 0.0, 0.0, 0.0, 0.0, 0.0, 0.0, 0.0, 0.0, 1.0, 1.0, 1.0, 2.0, 0.0, 1.0, 2.0, 1.0, 0.0, 0.0, 0.0]
[0.45967741935483863, 0.6551936078672403, 0.411764705882353, 0.6578947368421053, 0.5535903410294429, 0.5984511687939194, 0.6129640097983794, 0.6380517352663722, 0.7512300292995744, 0.49307159353348734, 0.3350286077558806, 0.0, 0.0, 0.0, 0.0, 0.0, 0.0, 0.0, 0.0, 0.0, 0.0, 1.0, 1.0, 2.0, 2.0, 2.0, 2.0, 2.0, 4.0, 2.0, 1.0, 1.0, 2.0]
[0.056451612903225805, 0.4732636754763368, 0.2498269896193772, 0.47005444646098, 0.3783096801525101, 0.5009321669295855, 0.4618428490672696, 0.4305148701653344, 0.4455193764166068, 0.34584295612009247, 0.21699512608603505, 0.0, 0.0, 0.0, 0.0, 0.0, 0.0, 0.0, 0.0, 0.0, 0.0, 0.0, 0.0, 2.0, 1.0, 3.0, 2.0, 3.0, 3.0, 2.0, 1.0, 0.0, 0.0]
